1002301,7,2010,74,73,0,2,555000,-1
1002294,18,2010,87,91,0,1,4500000,-1
1002296,22,2010,82,84,0,2,850000,-1
1002293,8,2010,87,87,0,2,2750000,-1
1002336,1,2010,80,79,0,3,575000,-1
1002333,24,2010,84,84,0,3,900000,-1
1003205,21,2010,83,81,0,3,875000,-1
1002373,10,2010,86,84,0,4,5400000,-1
1003273,25,2010,87,87,0,6,4250000,-1
1003281,15,2010,76,79,0,2,512500,-1
1002785,29,2010,82,86,0,1,1950000,-1
1002959,425,2010,86,85,0,1,2350000,-1
1002409,6,2010,87,90,0,1,4750000,-1
1002410,6,2010,84,84,0,1,590000,-1
1002371,22,2010,85,83,0,3,900000,-1
1002639,9,2010,83,83,0,2,1200000,-1
1002423,29,2010,77,80,0,4,840000,-1
1002456,12,2010,86,84,0,3,900000,-1
1002460,2,2010,84,83,0,1,821667,-1
1002496,20,2010,81,81,0,2,845833,-1
1002511,6,2010,86,84,0,3,4083333,-1
1002821,26,2010,79,79,0,1,803250,-1
1003269,23,2010,74,80,0,3,900000,-1
1003274,13,2010,74,74,0,3,875000,-1
1002533,5,2010,85,85,0,3,4000000,-1
1002531,2,2010,75,73,0,4,870000,-1
1002604,19,2010,76,78,0,3,875000,-1
1002561,16,2010,89,86,0,5,6300000,-1
1002562,16,2010,86,88,0,5,6300000,-1
1003307,5,2010,89,89,0,5,5000000,-1
1002599,10,2010,80,80,0,3,870000,-1
1002602,19,2010,81,85,0,2,2600000,-1
1003058,29,2010,86,84,0,1,845833,-1
1002661,6,2010,82,80,0,3,900000,-1
1002662,25,2010,86,86,0,2,630000,-1
1002664,28,2010,88,88,0,4,4000000,-1
1002674,2,2010,83,83,0,1,650000,-1
1002848,18,2010,84,92,0,2,3500000,-1
1002671,7,2010,84,86,0,1,1000000,-1
1002665,19,2010,78,78,0,1,850000,-1
1002681,30,2010,82,82,0,1,660000,-1
1003340,15,2010,84,84,0,3,573333,-1
1002705,2,2010,84,84,0,2,525000,-1
1002711,22,2010,84,82,0,2,2275000,-1
1002952,16,2010,82,80,0,3,900000,-1
1002995,3,2010,84,87,0,5,3975000,-1
1002894,424,2010,82,82,0,1,845833,-1
1002563,16,2010,88,91,0,-1,-1,-1
1002753,29,2010,83,83,0,3,1300000,-1
1002748,2,2010,76,76,0,2,900000,-1
1002746,14,2010,86,86,0,1,2200000,-1
1002867,28,2010,76,76,0,1,750000,-1
1003098,18,2010,85,85,0,3,3083333,-1
1002778,4,2010,77,77,0,3,900000,-1
1002813,26,2010,88,90,0,6,6800000,-1
1002817,26,2010,86,86,0,4,3175000,-1
1002814,26,2010,84,87,0,1,875000,-1
1003266,23,2010,84,87,0,3,3250000,-1
1002815,26,2010,88,88,0,3,1800000,-1
1002851,3,2010,81,77,0,2,900000,-1
1002850,30,2010,80,81,0,3,526667,-1
1002385,5,2010,84,86,0,2,1833333,-1
1003386,13,2010,78,81,0,2,900000,-1
1002888,21,2010,86,84,0,2,900000,-1
1002703,26,2010,83,83,0,1,793333,-1
1002948,2,2010,83,83,0,1,875000,-1
1002962,30,2010,82,82,0,3,1400000,-1
1002968,2,2010,79,79,0,2,631667,-1
1002961,6,2010,83,87,0,2,1875000,-1
1002958,1,2010,83,87,0,1,737500,-1
1002950,15,2010,84,84,0,1,821667,-1
1002346,3,2010,83,81,0,2,875000,-1
1003318,29,2010,76,78,0,1,775000,-1
1003056,4,2010,88,88,0,1,821667,-1
1003078,14,2010,81,83,0,1,625000,-1
1003064,28,2010,80,81,0,2,662500,-1
1002782,424,2010,87,85,0,1,1200000,-1
1003094,5,2010,93,91,0,4,8700000,-1
1003093,5,2010,95,94,0,3,8700000,-1
1002816,4,2010,88,85,0,1,5000000,-1
1003095,5,2010,87,88,0,4,3500000,-1
1003129,28,2010,86,85,0,2,816667,-1
1003136,425,2010,85,83,0,2,900000,-1
1002897,24,2010,75,75,0,1,796250,-1
1002673,22,2010,83,83,0,1,1000000,-1
1003127,9,2010,86,88,0,2,875000,-1
1003128,30,2010,87,84,0,2,3550000,-1
1003130,28,2010,82,88,0,3,3100000,-1
1002542,10,2010,81,81,0,1,546667,-1
1003160,21,2010,81,84,0,2,880000,-1
1003164,26,2010,74,75,0,4,870000,-1
1003168,19,2010,86,84,0,2,2150000,-1
1003246,26,2010,78,76,0,3,710000,-1
1003174,30,2010,76,77,0,3,643333,-1
1003194,14,2010,91,88,0,1,875000,-1
1003195,14,2010,81,84,0,2,900000,-1
1003198,3,2010,81,84,0,3,875000,-1
1003208,425,2010,81,83,0,1,875000,-1
1003070,9,2010,84,84,0,1,850000,-1
1002570,16,2010,85,89,0,1,3500000,-1
1002954,22,2010,84,83,0,3,875000,-1
1002492,20,2010,86,87,0,1,891667,-1
1003229,2,2010,85,85,0,2,900000,-1
1002461,26,2010,84,84,0,1,556667,-1
1003243,9,2010,87,87,0,5,7000000,-1
1003235,26,2010,74,78,0,2,606667,-1
1003285,12,2010,83,83,0,1,875000,-1
1002372,424,2010,80,78,0,3,900000,-1
1003268,7,2010,83,85,0,2,875000,-1
1002499,2,2010,81,84,0,3,875000,-1
1003217,10,2010,82,82,0,1,875000,-1
1002417,19,2010,87,87,0,4,3750000,-1
1003306,8,2010,84,84,0,1,875000,-1
1003324,19,2010,76,77,0,1,525000,-1
1003161,19,2010,85,86,0,3,816667,-1
1003314,26,2010,80,83,0,1,637500,-1
1003310,9,2010,78,78,0,4,870000,-1
1003339,15,2010,96,88,0,11,9538462,-1
1003341,15,2010,90,90,0,10,6700000,-1
1003347,8,2010,82,82,0,2,845833,-1
1003342,15,2010,84,85,0,2,845833,-1
1002414,2,2000,80,84,0,1,1000000,-1
1002414,6,2010,87,92,0,1,7500000,-1
1002406,9,2000,87,87,0,1,1000000,-1
1002406,16,2010,87,87,0,11,5275000,-1
1003022,21,2010,85,85,0,1,1812500,-1
1002345,7,2010,89,89,0,4,6250000,-1
1002736,17,2010,89,91,0,11,6083333,-1
1003024,30,2000,83,81,0,1,1000000,-1
1003024,3,2010,89,86,0,4,7500000,-1
1003025,425,2010,82,85,0,3,4500000,-1
1003321,5,2010,78,82,0,1,500000,-1
1002987,3,2010,91,91,0,4,6875000,-1
1003352,1,2010,94,90,0,15,6666666,-1
1002852,30,2010,86,88,0,1,3250000,-1
1002702,17,2010,84,84,0,3,3000000,-1
1002713,25,2010,83,83,0,1,2300000,-1
1003209,24,2010,78,78,0,1,535000,-1
1003173,20,2010,84,85,0,4,6680000,-1
1003169,19,2010,86,84,0,4,3362500,-1
1002721,17,2010,79,82,0,1,900000,-1
1002853,12,2010,89,88,0,6,8250000,-1
1003206,4,2010,81,86,0,2,3200000,-1
1002854,1,2010,90,87,0,1,3125000,-1
1002669,24,2010,92,90,0,3,5325000,-1
1002347,17,2010,82,82,0,1,750000,-1
1002565,16,2010,88,88,0,1,800000,-1
1002342,19,2010,86,89,0,1,2500000,-1
1002706,17,2010,87,87,0,1,716667,-1
1003041,10,2010,86,86,0,1,1100000,-1
1002387,26,2010,80,80,0,1,900000,-1
1002722,30,2010,83,83,0,2,1150000,-1
1003371,425,2010,87,89,0,1,3000000,-1
1003262,1,2010,82,82,0,3,2666667,-1
1003369,6,2010,84,84,0,1,2200000,-1
1002849,22,2010,82,82,0,2,800000,-1
1002921,1,2010,85,85,0,3,3887500,-1
1002922,23,2010,88,88,0,2,900000,-1
1002646,3,2010,85,85,0,1,1850000,-1
1002412,6,2010,86,87,0,2,3750000,-1
1002737,17,2010,86,85,0,10,3954545,-1
1003037,3,2010,84,84,0,1,2300000,-1
1002679,19,2010,78,83,0,1,1100000,-1
1002482,6,2010,78,82,0,1,1450000,-1
1002887,18,2010,88,88,0,2,3400000,-1
1003313,21,2010,86,86,0,4,6600000,-1
1003023,24,2010,88,86,0,5,5100000,-1
1003105,26,2010,84,86,0,1,1425000,-1
1002677,424,2010,83,83,0,2,1800000,-1
1002411,6,2010,88,88,0,2,1250000,-1
1003067,25,2010,80,84,0,2,1500000,-1
1002747,25,2010,86,84,0,2,2875000,-1
1002724,17,2010,81,81,0,2,787500,-1
1002474,19,2010,84,84,0,1,750000,-1
1002386,16,2010,81,85,0,4,3500000,-1
1002710,17,2010,83,83,0,2,912500,-1
1003377,425,2010,84,84,0,3,2383333,-1
1003007,24,2010,80,78,0,1,583333,-1
1002388,2,2010,84,82,0,1,793333,-1
1002905,10,2010,76,79,0,2,595000,-1
1002463,13,2010,83,83,0,1,850000,-1
1003021,3,2010,83,83,0,1,821667,-1
1003291,25,2010,78,78,0,1,607500,-1
1003378,15,2010,82,83,0,1,675000,-1
1003389,5,2010,82,82,0,1,500000,-1
1002316,15,2010,76,82,0,1,875000,-1
1002434,6,2010,77,80,0,3,635000,-1
1002791,25,2010,76,76,0,1,585833,-1
1003180,10,2010,79,83,0,1,630000,-1
1002903,8,2010,77,79,0,1,612500,-1
1002383,28,2010,82,83,0,1,543333,-1
1002571,9,2010,78,78,0,1,558333,-1
1002605,18,2010,82,82,0,2,875000,-1
1003026,424,2010,83,83,0,1,875000,-1
1002752,7,2010,84,83,0,2,875000,-1
1002656,12,2010,77,76,0,3,704167,-1
1003225,21,2010,75,72,0,3,687500,-1
1002376,3,2010,85,84,0,3,820833,-1
1002320,3,2010,77,77,0,1,578333,-1
1002609,29,2010,80,78,0,3,712500,-1
1002875,6,2010,74,77,0,2,660000,-1
1003170,10,2010,83,82,0,1,875000,-1
1002458,15,2010,82,79,0,3,900000,-1
1002918,24,2010,77,74,0,3,900000,-1
1002298,17,2010,78,76,0,4,630000,-1
1003328,16,2010,74,74,0,4,618333,-1
1003077,30,2010,74,77,0,1,650000,-1
1003344,19,2010,85,84,0,1,850000,-1
1003061,4,2010,85,82,0,2,875000,-1
1002916,8,2010,86,84,0,2,875000,-1
1002497,20,2010,78,80,0,3,566667,-1
1002780,13,2010,84,82,0,2,654167,-1
1003650,7,2010,82,82,0,1,850000,-1
1002348,23,2010,88,90,0,6,5000000,-1
1003759,17,1980,87,87,0,1,1000000,-1
1003761,6,1980,88,86,0,1,1000000,-1
1003762,23,1980,86,88,0,1,1000000,-1
1003763,4,1980,87,87,0,1,1000000,-1
1003764,2,1980,87,84,0,1,1000000,-1
1003765,7,1980,91,89,0,1,1000000,-1
1003767,4,1980,88,88,0,1,1000000,-1
1003768,4,1980,88,86,0,1,1000000,-1
1003769,10,1980,90,90,0,1,1000000,-1
1003770,2,1980,85,85,0,1,1000000,-1
1003771,414,1980,86,86,0,1,1000000,-1
1003772,8,1980,94,90,0,1,1000000,-1
1003773,26,1980,95,90,0,1,1000000,-1
1003774,7,1980,86,86,0,1,1000000,-1
1003775,8,1980,87,87,0,1,1000000,-1
1003776,5,1980,87,87,0,1,1000000,-1
1003777,8,1980,88,88,0,1,1000000,-1
1003778,4,1980,88,85,0,1,1000000,-1
1003779,6,1980,88,86,0,1,1000000,-1
1003780,2,1980,91,91,0,1,1000000,-1
1003781,419,1980,89,87,0,1,1000000,-1
1003782,8,1980,85,88,0,1,1000000,-1
1003783,6,1980,92,88,0,1,1000000,-1
1003784,10,1980,86,86,0,1,1000000,-1
1003785,2,1980,88,85,0,1,1000000,-1
1003786,2,1980,93,88,0,1,1000000,-1
1003787,420,1980,88,88,0,1,1000000,-1
1003788,26,1980,91,87,0,1,1000000,-1
1003789,4,1980,86,84,0,1,1000000,-1
1003790,15,1980,88,85,0,1,1000000,-1
1003791,10,1980,80,75,0,1,1000000,-1
1003792,26,1980,88,86,0,1,1000000,-1
1003793,19,1980,91,88,0,1,1000000,-1
1003794,19,1980,86,86,0,1,1000000,-1
1003795,20,1980,0,0,0,1,1000000,-1
1003796,16,1980,88,88,0,1,1000000,-1
1003797,3,1980,86,84,0,1,1000000,-1
1003798,2,1980,95,90,0,1,1000000,-1
1003799,2,1980,85,85,0,1,1000000,-1
1003800,8,1980,84,88,0,1,1000000,-1
1003801,414,1980,89,88,0,1,1000000,-1
1003802,4,1980,88,85,0,1,1000000,-1
1003803,419,1980,80,84,0,1,1000000,-1
1003804,15,1980,86,84,0,1,1000000,-1
1003805,19,1980,82,79,0,1,1000000,-1
1003806,16,1980,86,83,0,1,1000000,-1
1003808,17,1980,87,85,0,1,1000000,-1
1003809,15,1980,91,88,0,1,1000000,-1
1003810,10,1980,87,83,0,1,1000000,-1
1003811,21,2000,88,88,0,1,1000000,-1
1003811,6,1980,89,89,0,1,1000000,-1
1003812,4,1980,87,84,0,1,1000000,-1
1003813,421,1980,87,87,0,1,1000000,-1
1003814,7,1980,84,84,0,1,1000000,-1
1003815,422,1980,87,84,0,1,1000000,-1
1003816,421,1980,87,85,0,1,1000000,-1
1003817,414,1980,84,80,0,1,1000000,-1
1003818,3,2000,87,84,0,1,1000000,-1
1003818,22,1980,87,85,0,1,1000000,-1
1003819,8,1980,84,84,0,1,1000000,-1
1003820,22,1980,87,83,0,1,1000000,-1
1003822,422,1980,85,83,0,1,1000000,-1
1003823,16,1980,89,86,0,1,1000000,-1
1003824,17,2000,83,81,0,1,1000000,-1
1003824,26,1980,88,84,0,1,1000000,-1
1003825,6,2000,86,84,0,1,1000000,-1
1003825,22,1980,86,84,0,1,1000000,-1
1003826,6,1980,84,80,0,1,1000000,-1
1003828,414,1980,78,78,0,1,1000000,-1
1003830,22,1980,88,86,0,1,1000000,-1
1003832,16,1980,80,76,0,1,1000000,-1
1003835,12,2000,86,84,0,1,1000000,-1
1003837,7,2000,83,80,0,1,1000000,-1
1003839,19,2000,86,86,0,1,1000000,-1
1003840,17,2000,84,84,0,1,1000000,-1
1003841,20,2000,80,80,0,1,1000000,-1
1003842,2,2000,80,80,0,1,1000000,-1
1003847,1,2000,84,86,0,1,1000000,-1
1003848,20,2000,86,84,0,1,1000000,-1
1003850,7,2000,85,82,0,1,1000000,-1
1003854,17,2000,84,82,0,1,1000000,-1
1003856,29,2000,82,80,0,1,1000000,-1
1003857,425,2000,86,84,0,1,1000000,-1
1003860,7,2000,85,83,0,1,1000000,-1
1003862,17,2000,89,86,0,1,1000000,-1
1003864,3,2000,83,79,0,1,1000000,-1
1003868,424,2000,85,82,0,1,1000000,-1
1003869,19,2000,77,81,0,1,1000000,-1
1003870,4,2000,85,82,0,1,1000000,-1
1003871,4,2000,83,83,0,1,1000000,-1
1003872,7,2000,88,88,0,1,1000000,-1
1003874,5,2000,96,94,0,1,1000000,-1
1003875,25,2000,84,83,0,1,1000000,-1
1003877,10,2000,83,83,0,1,1000000,-1
1003878,10,2000,85,84,0,1,1000000,-1
1003882,21,2000,89,89,0,1,1000000,-1
1003885,25,2000,88,85,0,1,1000000,-1
1003887,18,2000,86,84,0,1,1000000,-1
1003888,26,2000,89,89,0,1,1000000,-1
1003889,28,2000,86,86,0,1,1000000,-1
1003890,8,2000,82,84,0,1,1000000,-1
1003892,424,2000,87,87,0,1,1000000,-1
1003893,25,2000,86,84,0,1,1000000,-1
1003894,17,2000,84,84,0,1,1000000,-1
1003896,15,2000,82,80,0,1,1000000,-1
1003898,28,2000,88,86,0,1,1000000,-1
1003899,3,2000,88,84,0,1,1000000,-1
1003900,19,2000,87,84,0,1,1000000,-1
1003903,424,2000,85,85,0,1,1000000,-1
1003905,29,2000,86,86,0,1,1000000,-1
1003908,29,2000,82,84,0,1,1000000,-1
1003909,19,2000,90,90,0,1,1000000,-1
1003910,17,2000,87,87,0,1,1000000,-1
1003911,12,2000,83,88,0,1,1000000,-1
1003912,4,2000,82,88,0,1,1000000,-1
1003913,16,2000,83,86,0,1,1000000,-1
1003914,21,2000,94,90,0,1,1000000,-1
1003915,28,2000,80,86,0,1,1000000,-1
1003916,23,2000,86,84,0,1,1000000,-1
1003917,4,2000,86,84,0,1,1000000,-1
1003918,8,2000,85,85,0,1,1000000,-1
1003919,26,2000,87,86,0,1,1000000,-1
1003920,424,2000,81,81,0,1,1000000,-1
1003921,9,2000,86,84,0,1,1000000,-1
1003922,425,2000,78,78,0,1,1000000,-1
1003923,30,2000,83,83,0,1,1000000,-1
1003924,3,2000,86,83,0,1,1000000,-1
1003925,17,2010,83,81,0,1,1250000,-1
1003925,25,2000,90,88,0,1,1000000,-1
1003926,8,2000,85,85,0,1,1000000,-1
1003927,12,2000,85,83,0,1,1000000,-1
1003928,424,2000,90,87,0,1,1000000,-1
1003929,12,2000,86,88,0,1,1000000,-1
1003930,24,2010,88,86,0,1,3250000,-1
1003930,423,2000,90,88,0,1,1000000,-1
1003931,10,2000,82,82,0,1,1000000,-1
1003932,8,2000,78,82,0,1,1000000,-1
1003934,6,2010,84,84,0,1,1000000,-1
1003934,4,2000,88,86,0,1,1000000,-1
1003935,16,2000,88,85,0,1,1000000,-1
1003936,26,2000,87,86,0,1,1000000,-1
1003937,424,2000,82,88,0,1,1000000,-1
1003938,1,2000,90,87,0,1,1000000,-1
1003939,19,2000,83,83,0,1,1000000,-1
1003940,13,2000,83,85,0,1,1000000,-1
1003942,10,2000,89,89,0,1,1000000,-1
1003943,28,2000,83,82,0,1,1000000,-1
1003944,7,2000,84,82,0,1,1000000,-1
1003945,22,2000,89,86,0,1,1000000,-1
1003946,423,2000,79,84,0,1,1000000,-1
1003947,1,2000,86,86,0,1,1000000,-1
1003948,13,2000,84,84,0,1,1000000,-1
1003949,29,2000,83,85,0,1,1000000,-1
1003950,15,2000,88,88,0,1,1000000,-1
1003951,21,2010,80,84,0,1,1000000,-1
1003951,21,2000,82,87,0,1,1000000,-1
1003952,424,2000,83,85,0,1,1000000,-1
1003953,4,2000,82,80,0,1,1000000,-1
1003954,8,2000,84,86,0,1,1000000,-1
1003955,5,2000,78,82,0,1,1000000,-1
1003956,6,2000,83,83,0,1,1000000,-1
1003957,30,2000,84,82,0,1,1000000,-1
1003958,17,2010,88,88,0,1,6200000,-1
1003958,17,2000,94,94,0,1,1000000,-1
1003959,30,2000,83,83,0,1,1000000,-1
1003960,17,2010,81,81,0,-1,-1,-1
1003960,17,2000,83,83,0,1,1000000,-1
1003961,17,2000,88,86,0,1,1000000,-1
1003962,21,2000,78,83,0,1,1000000,-1
1003963,423,2000,81,81,0,1,1000000,-1
1003964,13,2000,92,90,0,1,1000000,-1
1003965,19,2000,85,83,0,1,1000000,-1
1003966,3,2000,83,82,0,1,1000000,-1
1003967,12,2000,84,84,0,1,1000000,-1
1003968,28,2000,88,86,0,1,1000000,-1
1003969,3,2000,89,87,0,1,1000000,-1
1003970,4,2000,86,86,0,1,1000000,-1
1003971,28,2000,84,84,0,1,1000000,-1
1003972,5,2000,94,90,0,1,1000000,-1
1003973,25,2000,86,84,0,1,1000000,-1
1003974,25,2000,83,87,0,1,1000000,-1
1003975,424,2000,83,83,0,1,1000000,-1
1003976,424,2000,89,87,0,1,1000000,-1
1003977,1,2010,85,85,0,2,5200000,-1
1003977,1,2000,93,93,0,1,1000000,-1
1003978,26,2000,86,86,0,1,1000000,-1
1003979,15,2000,83,81,0,1,1000000,-1
1003980,26,2000,81,81,0,1,1000000,-1
1003982,29,2000,86,84,0,1,1000000,-1
1003983,4,2000,80,85,0,1,1000000,-1
1003985,30,2000,79,83,0,1,1000000,-1
1003986,16,2000,87,84,0,1,1000000,-1
1003987,25,2000,87,86,0,1,1000000,-1
1003989,20,2010,77,78,0,1,500000,-1
1003989,19,2000,86,83,0,1,1000000,-1
1003990,5,2000,87,85,0,1,1000000,-1
1003991,6,2000,85,83,0,1,1000000,-1
1003992,15,2000,89,87,0,1,1000000,-1
1003993,16,2000,81,84,0,1,1000000,-1
1003994,15,2000,81,84,0,1,1000000,-1
1003995,26,2000,83,80,0,1,1000000,-1
1003999,1,2000,86,92,0,1,1000000,-1
1004000,23,2000,82,86,0,1,1000000,-1
1004001,17,2000,78,83,0,1,1000000,-1
1004002,21,2010,86,86,0,1,1000000,-1
1004003,8,2000,83,83,0,1,1000000,-1
1004004,17,2000,84,84,0,1,1000000,-1
1004005,1,2010,84,83,0,2,5062500,-1
1004005,6,2000,88,86,0,1,1000000,-1
1004006,29,2000,83,83,0,1,1000000,-1
1004007,26,2000,83,85,0,1,1000000,-1
1004008,9,2010,84,82,0,1,5000000,-1
1004008,5,2000,90,86,0,1,1000000,-1
1004009,23,2000,90,87,0,1,1000000,-1
1004010,26,2000,86,84,0,1,1000000,-1
1004011,8,2000,84,84,0,1,1000000,-1
1004012,16,2000,84,81,0,1,1000000,-1
1004013,424,2010,86,84,0,2,3000000,-1
1004013,13,2000,88,84,0,1,1000000,-1
1004014,26,2000,89,85,0,1,1000000,-1
1004015,20,2010,80,80,0,-1,-1,-1
1004015,425,2000,82,82,0,1,1000000,-1
1004016,12,2000,85,85,0,1,1000000,-1
1004017,29,2000,80,83,0,1,1000000,-1
1004018,26,2000,86,86,0,1,1000000,-1
1004019,8,2000,83,83,0,1,1000000,-1
1004020,10,2000,85,85,0,1,1000000,-1
1004021,30,2000,84,84,0,1,1000000,-1
1004022,17,2010,82,82,0,1,1416667,-1
1004022,17,2000,88,88,0,1,1000000,-1
1004023,15,2000,84,84,0,1,1000000,-1
1004024,16,2000,87,85,0,1,1000000,-1
1004025,15,2010,84,82,0,-1,-1,-1
1004025,6,2000,84,80,0,1,1000000,-1
1004026,7,2000,84,86,0,1,1000000,-1
1004027,10,2000,81,84,0,1,1000000,-1
1004028,30,2000,78,82,0,1,1000000,-1
1004029,5,2000,82,84,0,1,1000000,-1
1004030,8,2000,85,83,0,1,1000000,-1
1004031,8,2010,85,83,0,-1,-1,-1
1004031,2,2000,86,85,0,1,1000000,-1
1004032,9,2000,88,85,0,1,1000000,-1
1004033,14,2000,82,82,0,1,1000000,-1
1004034,13,2010,84,82,0,1,3533333,-1
1004034,20,2000,86,85,0,1,1000000,-1
1004035,9,2010,84,83,0,3,5500000,-1
1004035,15,2000,87,85,0,1,1000000,-1
1004036,22,2000,82,82,0,1,1000000,-1
1004037,5,2000,87,85,0,1,1000000,-1
1004038,25,2000,84,82,0,1,1000000,-1
1004039,16,2000,86,83,0,1,1000000,-1
1004040,20,2000,87,85,0,1,1000000,-1
1004042,1,2000,85,83,0,1,1000000,-1
1004043,17,2000,84,82,0,1,1000000,-1
1004044,15,2000,84,84,0,1,1000000,-1
1004045,26,2000,80,84,0,1,1000000,-1
1004046,423,2000,76,80,0,1,1000000,-1
1004047,30,2000,85,85,0,1,1000000,-1
1004048,8,2000,82,82,0,1,1000000,-1
1004049,17,2000,82,82,0,1,1000000,-1
1004050,18,2000,78,82,0,1,1000000,-1
1004051,7,2010,80,84,0,1,3500000,-1
1004051,8,2000,80,83,0,1,1000000,-1
1004052,2,2000,77,81,0,1,1000000,-1
1004053,5,2000,81,83,0,1,1000000,-1
1004054,25,2000,84,88,0,1,1000000,-1
1004055,25,2000,76,80,0,1,1000000,-1
1004056,424,2010,82,82,0,-1,-1,-1
1004056,23,2000,83,84,0,1,1000000,-1
1004057,3,2000,82,79,0,1,1000000,-1
1004058,6,2000,78,77,0,1,1000000,-1
1004059,26,2000,82,82,0,1,1000000,-1
1004060,21,2000,82,82,0,1,1000000,-1
1004061,22,2010,82,82,0,3,3750000,-1
1004061,14,2000,88,88,0,1,1000000,-1
1004062,29,2000,78,82,0,1,1000000,-1
1004063,22,2000,85,84,0,1,1000000,-1
1004064,10,2000,82,85,0,1,1000000,-1
1004067,4,2010,85,88,0,7,4935714,-1
1004067,19,2000,85,91,0,1,1000000,-1
1004068,7,2000,84,84,0,1,1000000,-1
1004069,423,2000,89,87,0,1,1000000,-1
1004070,7,2010,81,81,0,1,1150000,-1
1004070,13,2000,84,84,0,1,1000000,-1
1004071,13,2000,86,84,0,1,1000000,-1
1004072,1,2010,83,80,0,1,4500000,-1
1004072,1,2000,87,84,0,1,1000000,-1
1004073,16,2000,85,85,0,1,1000000,-1
1004074,15,2000,78,81,0,1,1000000,-1
1004075,424,2000,83,80,0,1,1000000,-1
1004076,424,2010,83,85,0,1,6500000,-1
1004076,23,2000,88,86,0,1,1000000,-1
1004077,423,2000,86,84,0,1,1000000,-1
1004078,9,2000,87,84,0,1,1000000,-1
1004079,12,2000,87,85,0,1,1000000,-1
1004080,26,2010,84,84,0,2,6250000,-1
1004080,22,2000,86,86,0,1,1000000,-1
1004081,20,2000,82,81,0,1,1000000,-1
1004082,16,2000,75,78,0,1,1000000,-1
1004083,28,2000,84,84,0,1,1000000,-1
1004084,18,2010,0,0,0,1,575000,-1
1004084,20,2000,77,80,0,1,1000000,-1
1004085,14,2010,76,80,0,6,3607142,-1
1004085,23,2000,83,83,0,1,1000000,-1
1004087,9,2000,85,89,0,1,1000000,-1
1004088,22,2000,84,83,0,1,1000000,-1
1004089,1,2000,76,72,0,1,1000000,-1
1004090,424,2010,86,85,0,2,4550000,-1
1004090,424,2000,86,86,0,1,1000000,-1
1004092,425,2010,83,82,0,-1,-1,-1
1004092,3,2000,85,83,0,1,1000000,-1
1004093,20,2010,90,88,0,3,7000000,-1
1004093,20,2000,88,86,0,1,1000000,-1
1004094,10,2010,84,84,0,1,6000000,-1
1004094,423,2000,86,86,0,1,1000000,-1
1004095,7,2000,78,83,0,1,1000000,-1
1004096,9,2010,82,88,0,1,3500000,-1
1004096,9,2000,79,83,0,1,1000000,-1
1004097,18,2010,81,77,0,2,4000000,-1
1004097,7,2000,86,84,0,1,1000000,-1
1004098,17,2000,83,83,0,1,1000000,-1
1004099,17,2010,78,80,0,1,750000,-1
1004099,423,2000,78,85,0,1,1000000,-1
1004100,424,2010,82,84,0,4,2750000,-1
1004100,20,2000,84,82,0,1,1000000,-1
1004101,13,2010,83,83,0,1,1150000,-1
1004101,19,2000,82,82,0,1,1000000,-1
1004102,1,2010,83,85,0,3,3400000,-1
1004102,8,2000,83,80,0,1,1000000,-1
1004103,4,2010,87,85,0,5,6500000,-1
1004103,424,2000,85,83,0,1,1000000,-1
1004104,22,2000,78,78,0,1,1000000,-1
1004105,24,2010,77,78,0,-1,-1,-1
1004105,22,2000,81,81,0,1,1000000,-1
1004106,28,2010,89,89,0,1,7200000,-1
1004106,6,2000,87,87,0,1,1000000,-1
1004107,28,2010,88,88,0,4,6900000,-1
1004107,28,2000,85,83,0,1,1000000,-1
1004108,20,2010,87,85,0,2,3000000,-1
1004108,13,2000,83,82,0,1,1000000,-1
1004109,23,2010,89,89,0,-1,-1,-1
1004109,13,2000,86,86,0,1,1000000,-1
1004110,19,2010,81,87,0,1,4250000,-1
1004110,22,2000,82,86,0,1,1000000,-1
1004111,24,2010,77,79,0,1,750000,-1
1004111,424,2000,82,82,0,1,1000000,-1
1004112,12,2010,83,81,0,-1,-1,-1
1004112,6,2000,87,84,0,1,1000000,-1
1004113,16,2010,78,82,0,1,500000,-1
1004113,6,2000,74,78,0,1,1000000,-1
1004114,13,2000,77,79,0,1,1000000,-1
1004115,8,2000,77,77,0,1,1000000,-1
1004116,14,2010,90,90,0,10,7727272,-1
1004116,14,2000,85,83,0,1,1000000,-1
1004117,18,2010,85,84,0,4,4500000,-1
1004117,18,2000,84,82,0,1,1000000,-1
1004118,17,2010,82,86,0,2,3750000,-1
1004118,28,2000,82,82,0,1,1000000,-1
1004119,13,2010,81,86,0,2,2900000,-1
1004119,23,2000,74,77,0,1,1000000,-1
1004120,23,2010,83,86,0,3,2500000,-1
1004120,3,2000,80,83,0,1,1000000,-1
1004121,16,2000,78,75,0,1,1000000,-1
1004122,425,2010,84,84,0,3,4062500,-1
1004122,10,2000,83,81,0,1,1000000,-1
1004123,20,2010,85,85,0,1,1700000,-1
1004123,21,2000,87,85,0,1,1000000,-1
1004124,8,2000,77,75,0,1,1000000,-1
1004125,21,2000,82,82,0,1,1000000,-1
1004126,425,2000,82,82,0,1,1000000,-1
1004127,23,2010,92,88,0,4,6100000,-1
1004127,23,2000,84,84,0,1,1000000,-1
1004128,23,2010,92,88,0,4,6100000,-1
1004128,23,2000,83,83,0,1,1000000,-1
1004130,7,2010,85,82,0,1,4500000,-1
1004130,2,2000,84,82,0,1,1000000,-1
1004131,15,2000,76,79,0,1,1000000,-1
1004132,424,2010,84,82,0,-1,-1,-1
1004132,2,2000,82,80,0,1,1000000,-1
1004134,2,2000,75,77,0,1,1000000,-1
1004135,20,2000,83,80,0,1,1000000,-1
1004136,2,2010,81,81,0,11,4500000,-1
1004136,2,2000,77,77,0,1,1000000,-1
1004137,28,2010,90,87,0,4,7500000,-1
1004138,424,2010,79,83,0,4,2975000,-1
1004138,29,2000,73,77,0,1,1000000,-1
1004139,23,2010,83,83,0,1,1000000,-1
1004140,4,2010,85,85,0,3,4200000,-1
1004140,18,2000,82,79,0,1,1000000,-1
1004145,13,2010,85,83,0,3,3100000,-1
1004147,10,2010,80,86,0,4,4300000,-1
1004148,9,2010,80,80,0,1,3800000,-1
1004149,12,2010,84,82,0,2,3800000,-1
1004150,10,2010,78,78,0,1,750000,-1
1004151,29,2010,89,86,0,8,7800000,-1
1004152,25,2010,87,87,0,3,3550000,-1
1004153,12,2010,86,84,0,1,4000000,-1
1004154,22,2010,85,83,0,3,4000000,-1
1004155,424,2010,83,83,0,1,2250000,-1
1004156,24,2010,86,84,0,3,4250000,-1
1004157,30,2010,84,85,0,3,4080000,-1
1004159,30,2010,81,79,0,3,1400000,-1
1004160,6,2010,86,84,0,3,4000000,-1
1004161,4,2010,85,82,0,1,2000000,-1
1004162,7,2010,88,86,0,4,7142857,-1
1004163,9,2010,86,84,0,4,4333333,-1
1004164,10,2010,87,87,0,4,6500000,-1
1004165,8,2010,85,83,0,1,3250000,-1
1004166,30,2010,79,77,0,2,3083333,-1
1004167,2,2010,82,82,0,1,750000,-1
1004168,13,2010,84,82,0,4,3125000,-1
1004170,22,2010,80,82,0,1,1300000,-1
1004172,8,2010,83,83,0,1,1350000,-1
1004173,22,2010,83,80,0,2,1850000,-1
1004174,16,2010,80,78,0,1,600000,-1
1004175,28,2010,84,83,0,1,1800000,-1
1004176,9,2010,76,79,0,2,875000,-1
1004178,29,2010,84,84,0,4,3200000,-1
1004181,6,2010,72,75,0,2,816667,-1
1004182,13,2010,78,80,0,1,875000,-1
1004183,29,2010,76,72,0,2,845833,-1
1004184,23,2010,76,74,0,3,816667,-1
1004187,22,2010,82,80,0,3,900000,-1
1004188,20,2010,83,83,0,4,3500000,-1
1004189,26,2010,84,84,0,2,3600000,-1
1004190,13,2010,85,83,0,2,3937500,-1
1004191,23,2010,83,88,0,6,4500000,-1
1004192,7,2010,87,87,0,4,5300000,-1
1004193,8,2010,85,88,0,6,5000000,-1
1004194,12,2010,85,85,0,1,1700000,-1
1004195,16,2010,88,88,0,2,3900000,-1
1004196,19,2010,81,81,0,2,1450000,-1
1004197,8,2010,87,84,0,4,6000000,-1
1004198,26,2010,85,85,0,1,3500000,-1
1004198,4,2000,83,83,0,1,1000000,-1
1004199,30,2010,78,84,0,4,3500000,-1
1004200,29,2010,85,85,0,5,3750000,-1
1004201,5,2010,82,86,0,4,3750000,-1
1004202,17,2010,85,91,0,2,3000000,-1
1004203,14,2010,83,83,0,2,1100000,-1
1004204,424,2010,86,84,0,1,3000000,-1
1004205,18,2010,86,84,0,5,4500000,-1
1004206,19,2010,80,84,0,2,3625000,-1
1004207,6,2010,83,81,0,2,2125000,-1
1004208,30,2010,87,84,0,5,1500000,-1
1004208,9,2000,84,81,0,1,1000000,-1
1004209,25,2010,89,87,0,1,7800000,-1
1004209,14,2000,86,83,0,1,1000000,-1
1004210,9,2010,85,83,0,3,4200000,-1
1004210,9,2000,82,80,0,1,1000000,-1
1004211,20,2010,81,86,0,3,4020000,-1
1004211,20,2000,76,80,0,1,1000000,-1
1004212,8,2010,85,84,0,4,7357143,-1
1004212,1,2000,86,84,0,1,1000000,-1
1004213,25,2010,88,86,0,3,5000000,-1
1004213,8,2000,78,75,0,1,1000000,-1
1004214,9,2010,81,81,0,3,2000000,-1
1004215,15,2010,82,84,0,2,1875000,-1
1004215,22,2000,76,76,0,1,1000000,-1
1004216,16,2010,86,84,0,6,7142875,-1
1004216,7,2000,80,76,0,1,1000000,-1
1004217,21,2010,78,82,0,1,4500000,-1
1004217,28,2000,80,83,0,1,1000000,-1
1004218,5,2010,83,83,0,3,1800000,-1
1004218,23,2000,83,81,0,1,1000000,-1
1004219,30,2010,83,83,0,3,3500000,-1
1004219,423,2000,83,86,0,1,1000000,-1
1004220,10,2010,84,86,0,1,4250000,-1
1004220,10,2000,86,84,0,1,1000000,-1
1004221,14,2010,84,83,0,2,3850000,-1
1004221,14,2000,86,83,0,1,1000000,-1
1004222,20,2010,79,83,0,-1,-1,-1
1004222,14,2000,77,82,0,1,1000000,-1
1004223,3,2010,81,80,0,2,5000000,-1
1004223,5,2000,81,77,0,1,1000000,-1
1004224,1,2000,87,84,0,1,1000000,-1
1004225,26,2010,83,83,0,1,4000000,-1
1004225,19,2000,85,85,0,1,1000000,-1
1004226,9,2010,86,86,0,3,4875000,-1
1004226,9,2000,88,88,0,1,1000000,-1
1004227,1,2010,86,84,0,3,6000000,-1
1004227,1,2000,88,86,0,1,1000000,-1
1004228,17,2010,83,83,0,-1,-1,-1
1004228,17,2000,85,83,0,1,1000000,-1
1004229,21,2010,85,83,0,-1,-1,-1
1004229,21,2000,88,85,0,1,1000000,-1
1004230,18,2010,82,82,0,1,3750000,-1
1004230,16,2000,87,87,0,1,1000000,-1
1004231,7,2000,87,84,0,1,1000000,-1
1004232,7,2010,79,78,0,-1,-1,-1
1004232,22,2000,84,84,0,1,1000000,-1
1004233,3,2010,85,84,0,1,2480000,-1
1004233,9,2000,84,81,0,1,1000000,-1
1004234,8,2010,78,83,0,1,2250000,-1
1004234,6,2000,79,84,0,1,1000000,-1
1004235,4,2010,86,84,0,3,6333333,-1
1004235,18,2000,85,83,0,1,1000000,-1
1004236,1,2010,84,81,0,1,2800000,-1
1004236,25,2000,85,83,0,1,1000000,-1
1004237,30,2010,85,82,0,-1,-1,-1
1004237,425,2000,86,85,0,1,1000000,-1
1004238,24,2010,85,85,0,-1,-1,-1
1004238,8,2000,86,86,0,1,1000000,-1
1004239,13,2010,84,82,0,1,5750000,-1
1004239,10,2000,84,81,0,1,1000000,-1
1004240,17,2010,85,84,0,2,1937500,-1
1004240,23,2000,86,86,0,1,1000000,-1
1004241,24,2010,81,78,0,-1,-1,-1
1004241,22,2000,84,84,0,1,1000000,-1
1004028,4,2010,77,80,0,-1,-1,-1
1003981,2,2010,0,0,0,1,850000,-1
1003981,22,2000,92,88,0,1,1000000,-1
1004242,17,2000,86,83,0,1,1000000,-1
1004243,13,2000,84,84,0,1,1000000,-1
1004244,2,1980,82,78,0,1,1000000,-1
1004245,8,1980,84,88,0,1,1000000,-1
1004246,10,1942,90,87,0,1,1000000,-1
1004247,3,1960,88,86,0,1,1000000,-1
1004248,17,1942,88,88,0,1,1000000,-1
1004249,8,1960,92,90,0,1,1000000,-1
1004250,16,1942,88,88,0,1,1000000,-1
1004251,8,1942,88,86,0,1,1000000,-1
1004252,10,1960,86,86,0,1,1000000,-1
1004253,10,1942,90,90,0,1,1000000,-1
1004254,6,1960,86,83,0,1,1000000,-1
1004258,17,2010,91,91,0,4,6700000,-1
1004259,17,1960,87,86,0,1,1000000,-1
1004261,3,1980,85,84,0,1,1000000,-1
1004262,16,1980,82,82,0,1,1000000,-1
1004002,21,2000,91,90,0,1,1000000,-1
1004263,8,1960,90,90,0,1,1000000,-1
1004264,22,1980,98,95,0,1,1000000,-1
1004265,16,1960,89,89,0,1,1000000,-1
1004266,8,1960,85,88,0,1,1000000,-1
1004267,10,1960,82,87,0,1,1000000,-1
1004268,17,1960,91,91,0,1,1000000,-1
1004269,16,1960,89,87,0,1,1000000,-1
1004270,10,1960,87,85,0,1,1000000,-1
1004271,10,1942,80,77,0,1,1000000,-1
1004272,420,1980,84,84,0,1,1000000,-1
1004272,10,1960,84,84,0,1,1000000,-1
1004273,8,1942,88,88,0,1,1000000,-1
1004274,14,2010,92,88,0,1,5250000,-1
1004274,14,2000,86,84,0,1,1000000,-1
1004277,10,1960,90,88,0,1,1000000,-1
1004278,16,1960,86,83,0,1,1000000,-1
1004279,8,1960,87,87,0,1,1000000,-1
1004281,15,2000,89,85,0,1,1000000,-1
1004284,8,1960,92,92,0,1,1000000,-1
1004285,6,1980,87,87,0,1,1000000,-1
1004285,3,1960,75,75,0,1,1000000,-1
1004286,8,1960,90,90,0,1,1000000,-1
1004287,8,1942,85,83,0,1,1000000,-1
1004288,10,1980,89,86,0,1,1000000,-1
1004289,8,1980,82,88,0,1,1000000,-1
1004290,17,1960,89,89,0,1,1000000,-1
1004293,421,1980,93,89,0,1,1000000,-1
1004294,8,1917,92,92,0,1,1000000,-1
1004295,25,2000,80,80,0,1,1000000,-1
1004296,10,2000,86,86,0,1,1000000,-1
1004297,28,2000,87,87,0,1,1000000,-1
1004298,13,2010,87,87,0,1,5700000,-1
1004298,18,2000,86,86,0,1,1000000,-1
1004299,30,2010,85,85,0,-1,-1,-1
1004299,8,2000,86,86,0,1,1000000,-1
1004300,16,2010,78,78,0,-1,-1,-1
1004300,25,2000,87,87,0,1,1000000,-1
1004301,8,1917,92,90,0,1,1000000,-1
1004302,400,1917,92,89,0,1,1000000,-1
1004303,401,1917,86,83,0,1,1000000,-1
1004304,8,1917,90,88,0,1,1000000,-1
1004305,401,1917,84,84,0,1,1000000,-1
1004306,400,1917,89,89,0,1,1000000,-1
1004307,8,1917,86,83,0,1,1000000,-1
1004308,400,1917,85,85,0,1,1000000,-1
1004309,400,1917,85,85,0,1,1000000,-1
1004312,401,1917,86,86,0,6,970000,-1
1004314,401,1917,80,76,0,2,935000,-1
1004329,8,1917,80,86,0,1,750000,-1
1004337,6,1942,85,85,0,3,1035000,-1
1004339,16,1942,85,85,0,3,1055000,-1
1004340,17,1942,88,88,0,5,1490000,-1
1004341,10,1942,88,85,0,4,950000,-1
1004342,3,1942,87,87,0,4,1130000,-1
1004343,8,1942,84,84,0,4,750000,-1
1004346,6,1942,87,87,0,6,1235000,-1
1004347,6,1942,91,91,0,5,1725000,-1
1004348,3,1942,85,85,0,5,1070000,-1
1002331,24,2010,91,91,0,3,5325000,-1
1004334,17,1942,82,80,0,2,810000,-1
1004360,0,2000,82,82,1,1,0,-1
1004360,421,1980,84,84,0,2,750000,-1
1004361,0,2000,78,76,1,1,0,-1
1004361,26,1980,78,78,0,3,750000,-1
1004362,0,2000,82,82,1,1,0,-1
1004362,17,1980,82,82,0,3,750000,-1
1007265,0,2010,74,74,1,1,0,-1
1007312,0,2010,77,77,1,1,0,-1
1010090,0,2010,76,80,1,1,0,-1
1010105,0,2010,84,84,1,1,0,-1
1010105,0,2000,84,84,1,1,0,-1
1010105,416,1980,83,83,0,3,375000,-1
1010106,0,2010,83,81,1,1,0,-1
1010106,0,2000,83,81,1,1,0,-1
1010106,416,1980,83,81,0,3,300000,-1
1010107,0,2010,66,70,1,1,0,-1
1010107,0,2000,66,70,1,1,0,-1
1010107,416,1980,72,76,0,4,250000,-1
1010108,0,2010,77,73,1,1,0,-1
1010109,0,2010,78,78,1,1,0,-1
1010109,0,2000,78,78,1,1,0,-1
1010109,416,1980,80,80,0,4,300000,-1
1010110,0,2010,66,82,1,1,0,-1
1010110,0,2000,66,82,1,1,0,-1
1010110,416,1980,75,83,0,3,275000,-1
1010111,0,2010,80,78,1,1,0,-1
1010111,0,2000,80,78,1,1,0,-1
1010111,0,1980,80,78,1,1,0,-1
1010111,10,1960,82,78,0,2,50000,-1
1010112,0,2010,83,85,1,1,0,-1
1010112,0,2000,83,85,1,1,0,-1
1010112,0,1980,83,85,1,1,0,-1
1010112,10,1960,83,85,0,2,65000,-1
1010113,0,2010,80,80,1,1,0,-1
1010113,0,2000,80,80,1,1,0,-1
1010113,0,1980,80,80,1,1,0,-1
1010113,3,1960,80,76,0,3,55000,-1
1010114,0,2010,80,82,1,1,0,-1
1010114,0,2000,80,82,1,1,0,-1
1010114,0,1980,80,82,1,1,0,-1
1010114,10,1960,80,82,0,3,60000,-1
1010115,0,2010,80,80,1,1,0,-1
1010115,0,2000,80,80,1,1,0,-1
1010115,0,1980,80,80,1,1,0,-1
1010115,10,1960,80,80,0,3,60000,-1
1010116,0,2010,77,83,1,1,0,-1
1010116,0,2000,77,83,1,1,0,-1
1010116,0,1980,77,83,1,1,0,-1
1010116,10,1960,77,83,0,3,55000,-1
1010117,0,2010,78,82,1,1,0,-1
1010117,0,2000,78,82,1,1,0,-1
1010117,0,1980,78,82,1,1,0,-1
1010117,10,1960,78,82,0,3,55000,-1
1010118,0,2010,84,82,1,1,0,-1
1010118,0,2000,84,82,1,1,0,-1
1010118,0,1980,84,82,1,1,0,-1
1010118,10,1960,84,82,0,2,65000,-1
1010131,0,2010,80,75,1,1,0,-1
1012741,0,2010,80,78,1,1,0,-1
1012741,0,2000,80,78,1,1,0,-1
1012741,0,1980,80,78,1,1,0,-1
1012741,8,1960,82,78,0,2,50000,-1
1012742,0,2010,80,82,1,1,0,-1
1012742,0,2000,80,82,1,1,0,-1
1012742,0,1980,80,82,1,1,0,-1
1012742,10,1960,80,82,0,1,55000,-1
1012743,0,2010,80,80,1,1,0,-1
1012743,0,2000,80,80,1,1,0,-1
1012743,0,1980,80,80,1,1,0,-1
1012743,8,1960,80,80,0,3,55000,-1
1012744,0,2010,83,84,1,1,0,-1
1012744,0,2000,83,84,1,1,0,-1
1012744,0,1980,83,84,1,1,0,-1
1012744,8,1960,81,84,0,1,55000,-1
1012745,0,2010,78,81,1,1,0,-1
1012745,0,2000,78,81,1,1,0,-1
1012745,0,1980,78,81,1,1,0,-1
1012745,8,1960,79,81,0,3,50000,-1
1012746,0,2010,79,83,1,1,0,-1
1012746,0,2000,79,83,1,1,0,-1
1012746,0,1980,79,83,1,1,0,-1
1012746,8,1960,79,82,0,3,55000,-1
1012747,0,2010,78,78,1,1,0,-1
1012747,0,2000,78,78,1,1,0,-1
1012747,0,1980,78,78,1,1,0,-1
1012747,8,1960,78,78,0,3,50000,-1
1012748,0,2010,80,83,1,1,0,-1
1012748,0,2000,80,83,1,1,0,-1
1012748,0,1980,80,83,1,1,0,-1
1012748,10,1960,80,84,0,2,65000,-1
1012749,0,2010,80,81,1,1,0,-1
1012749,0,2000,80,81,1,1,0,-1
1012749,0,1980,80,81,1,1,0,-1
1012749,10,1960,80,81,0,2,55000,-1
1012750,0,2010,84,82,1,1,0,-1
1012750,0,2000,84,82,1,1,0,-1
1012750,0,1980,84,82,1,1,0,-1
1012750,16,1960,85,82,0,3,60000,-1
1012751,0,2010,85,83,1,1,0,-1
1012751,0,2000,85,83,1,1,0,-1
1012751,0,1980,85,83,1,1,0,-1
1012751,16,1960,86,83,0,2,75000,-1
1012753,0,2010,80,78,1,1,0,-1
1012753,0,2000,80,78,1,1,0,-1
1012753,0,1980,80,78,1,1,0,-1
1012753,16,1960,80,78,0,3,50000,-1
1012754,0,2010,82,82,1,1,0,-1
1012754,0,2000,82,82,1,1,0,-1
1012754,0,1980,82,82,1,1,0,-1
1012754,16,1960,82,82,0,3,60000,-1
1012755,0,2010,78,84,1,1,0,-1
1012755,0,2000,78,84,1,1,0,-1
1012755,0,1980,78,84,1,1,0,-1
1012755,16,1960,78,84,0,2,55000,-1
1012756,0,2010,84,80,1,1,0,-1
1012756,0,2000,84,80,1,1,0,-1
1012756,0,1980,84,80,1,1,0,-1
1012756,17,1960,84,80,0,2,55000,-1
1012757,0,2010,82,78,1,1,0,-1
1012757,0,2000,82,78,1,1,0,-1
1012757,0,1980,82,78,1,1,0,-1
1012757,17,1960,82,78,0,3,50000,-1
1015533,0,2010,79,83,1,1,0,-1
1015533,0,2000,79,83,1,1,0,-1
1015533,0,1980,79,83,1,1,0,-1
1015533,3,1960,79,83,0,3,55000,-1
1015534,0,2010,84,84,1,1,0,-1
1015534,0,2000,84,84,1,1,0,-1
1015534,0,1980,84,84,1,1,0,-1
1015534,3,1960,84,84,0,3,60000,-1
1015535,0,2010,80,80,1,1,0,-1
1015535,0,2000,80,80,1,1,0,-1
1015535,0,1980,80,80,1,1,0,-1
1015535,10,1960,80,80,0,3,55000,-1
1017255,0,2010,81,81,1,1,0,-1
1017255,0,2000,81,81,1,1,0,-1
1017255,0,1980,81,81,1,1,0,-1
1017255,6,1960,81,81,0,2,55000,-1
1017256,0,2010,80,80,1,1,0,-1
1017256,0,2000,80,80,1,1,0,-1
1017256,0,1980,80,80,1,1,0,-1
1017256,6,1960,80,80,0,2,50000,-1
1017257,0,2010,83,80,1,1,0,-1
1017257,0,2000,83,80,1,1,0,-1
1017257,0,1980,83,80,1,1,0,-1
1017257,6,1960,84,79,0,3,55000,-1
1017258,0,2010,79,80,1,1,0,-1
1017258,0,2000,79,80,1,1,0,-1
1017258,0,1980,79,80,1,1,0,-1
1017258,6,1960,79,80,0,3,50000,-1
1017259,0,2010,81,80,1,1,0,-1
1017259,0,2000,81,80,1,1,0,-1
1017259,0,1980,81,80,1,1,0,-1
1017259,6,1960,81,80,0,1,55000,-1
1017260,0,2010,84,82,1,1,0,-1
1017260,0,2000,84,82,1,1,0,-1
1017260,0,1980,84,82,1,1,0,-1
1017260,6,1960,84,82,0,1,55000,-1
1017261,0,2010,78,77,1,1,0,-1
1017261,0,2000,78,77,1,1,0,-1
1017261,0,1980,78,77,1,1,0,-1
1017261,8,1960,79,77,0,3,50000,-1
1017262,0,2010,78,84,1,1,0,-1
1017262,0,2000,78,84,1,1,0,-1
1017262,0,1980,78,84,1,1,0,-1
1017262,8,1960,78,84,0,2,55000,-1
1017263,0,2010,81,81,1,1,0,-1
1017263,0,2000,81,81,1,1,0,-1
1017263,0,1980,81,81,1,1,0,-1
1017263,8,1960,82,82,0,3,50000,-1
1017264,0,2010,82,81,1,1,0,-1
1017264,0,2000,82,81,1,1,0,-1
1017264,0,1980,82,81,1,1,0,-1
1017264,8,1960,82,81,0,1,55000,-1
1017265,0,2010,83,80,1,1,0,-1
1017265,0,2000,83,80,1,1,0,-1
1017265,0,1980,83,80,1,1,0,-1
1017265,10,1960,83,80,0,4,55000,-1
1017266,0,2010,80,80,1,1,0,-1
1017266,0,2000,80,80,1,1,0,-1
1017266,0,1980,80,80,1,1,0,-1
1017266,6,1960,80,80,0,3,50000,-1
1017267,0,2010,80,80,1,1,0,-1
1017267,0,2000,80,80,1,1,0,-1
1017267,0,1980,80,80,1,1,0,-1
1017267,6,1960,80,80,0,3,50000,-1
1017268,0,2010,76,78,1,1,0,-1
1017268,0,2000,76,78,1,1,0,-1
1017268,0,1980,76,78,1,1,0,-1
1017268,6,1960,76,78,0,3,50000,-1
1017269,0,2010,78,80,1,1,0,-1
1017269,0,2000,78,80,1,1,0,-1
1017269,0,1980,78,80,1,1,0,-1
1017269,6,1960,78,81,0,2,50000,-1
1017270,0,2010,81,81,1,1,0,-1
1017270,0,2000,81,81,1,1,0,-1
1017270,0,1980,81,81,1,1,0,-1
1017270,17,1960,81,81,0,2,50000,-1
1017271,0,2010,78,82,1,1,0,-1
1017271,0,2000,78,82,1,1,0,-1
1017271,0,1980,78,82,1,1,0,-1
1017271,17,1960,78,82,0,3,50000,-1
1017272,0,2010,82,82,1,1,0,-1
1017272,0,2000,82,82,1,1,0,-1
1017272,0,1980,82,82,1,1,0,-1
1017272,17,1960,82,82,0,2,50000,-1
1017273,0,2010,84,82,1,1,0,-1
1017273,0,2000,84,82,1,1,0,-1
1017273,0,1980,84,82,1,1,0,-1
1017273,3,1960,86,82,0,2,55000,-1
1017274,0,2010,85,81,1,1,0,-1
1017274,0,2000,85,81,1,1,0,-1
1017274,0,1980,85,81,1,1,0,-1
1017274,3,1960,85,81,0,3,55000,-1
1017275,0,2010,83,82,1,1,0,-1
1017275,0,2000,83,82,1,1,0,-1
1017275,0,1980,83,82,1,1,0,-1
1017275,3,1960,84,83,0,1,55000,-1
1017276,0,2010,83,87,1,1,0,-1
1017276,0,2000,83,87,1,1,0,-1
1017276,0,1980,83,87,1,1,0,-1
1017276,3,1960,84,87,0,2,65000,-1
1017277,0,2010,77,74,1,1,0,-1
1017277,0,2000,77,74,1,1,0,-1
1017277,0,1980,77,74,1,1,0,-1
1017277,3,1960,77,74,0,4,50000,-1
1017278,0,2010,85,82,1,1,0,-1
1017278,0,2000,85,82,1,1,0,-1
1017278,0,1980,85,82,1,1,0,-1
1017278,3,1960,85,82,0,2,55000,-1
1017279,0,2010,80,80,1,1,0,-1
1017279,0,2000,80,80,1,1,0,-1
1017279,0,1980,80,80,1,1,0,-1
1017279,16,1960,80,80,0,1,50000,-1
1017280,0,2010,84,82,1,1,0,-1
1017280,0,2000,84,82,1,1,0,-1
1017280,0,1980,84,82,1,1,0,-1
1017280,16,1960,84,82,0,2,50000,-1
1017281,0,2010,81,82,1,1,0,-1
1017281,0,2000,81,82,1,1,0,-1
1017281,0,1980,81,82,1,1,0,-1
1017281,16,1960,81,82,0,3,55000,-1
1017282,0,2010,79,80,1,1,0,-1
1017282,0,2000,79,80,1,1,0,-1
1017282,0,1980,79,80,1,1,0,-1
1017282,16,1960,79,80,0,2,50000,-1
1017283,0,2010,82,83,1,1,0,-1
1017283,0,2000,82,83,1,1,0,-1
1017283,0,1980,82,83,1,1,0,-1
1017283,16,1960,82,83,0,2,65000,-1
1017284,0,2010,78,76,1,1,0,-1
1017284,0,2000,78,76,1,1,0,-1
1017284,0,1980,78,76,1,1,0,-1
1017284,16,1960,78,76,0,4,50000,-1
1017285,0,2010,83,82,1,1,0,-1
1017285,0,2000,83,82,1,1,0,-1
1017285,0,1980,83,82,1,1,0,-1
1017285,6,1960,83,82,0,2,60000,-1
1017286,0,2010,81,85,1,1,0,-1
1017286,0,2000,81,85,1,1,0,-1
1017286,0,1980,81,85,1,1,0,-1
1017286,6,1960,82,85,0,3,60000,-1
1017287,0,2010,78,78,1,1,0,-1
1017287,0,2000,78,78,1,1,0,-1
1017287,0,1980,78,78,1,1,0,-1
1017287,8,1960,78,77,0,4,50000,-1
1017288,0,2010,76,80,1,1,0,-1
1017288,0,2000,76,80,1,1,0,-1
1017288,0,1980,76,80,1,1,0,-1
1017288,8,1960,76,80,0,3,50000,-1
1017289,0,2010,80,85,1,1,0,-1
1017289,0,2000,80,85,1,1,0,-1
1017289,0,1980,80,85,1,1,0,-1
1017289,8,1960,80,85,0,3,55000,-1
1017290,0,2010,78,82,1,1,0,-1
1017290,0,2000,78,82,1,1,0,-1
1017290,0,1980,78,82,1,1,0,-1
1017290,10,1960,78,82,0,2,50000,-1
1017291,0,2010,82,81,1,1,0,-1
1017291,0,2000,82,81,1,1,0,-1
1017291,0,1980,82,81,1,1,0,-1
1017291,17,1960,82,81,0,3,50000,-1
1017292,0,2010,80,88,1,1,0,-1
1017292,0,2000,80,88,1,1,0,-1
1017292,0,1980,80,88,1,1,0,-1
1017292,6,1960,80,88,0,1,65000,-1
1017293,0,2010,80,82,1,1,0,-1
1017293,0,2000,80,82,1,1,0,-1
1017293,0,1980,80,82,1,1,0,-1
1017293,3,1960,80,82,0,2,50000,-1
1017294,0,2010,80,80,1,1,0,-1
1017294,0,2000,80,80,1,1,0,-1
1017294,0,1980,80,80,1,1,0,-1
1017294,3,1960,80,80,0,1,50000,-1
1017295,0,2010,78,80,1,1,0,-1
1017295,0,2000,78,80,1,1,0,-1
1017295,0,1980,78,80,1,1,0,-1
1017295,3,1960,78,80,0,3,50000,-1
1017296,0,2010,80,80,1,1,0,-1
1017296,0,2000,80,80,1,1,0,-1
1017296,0,1980,80,80,1,1,0,-1
1017296,3,1960,78,78,0,3,50000,-1
1017297,0,2010,81,81,1,1,0,-1
1017297,0,2000,81,81,1,1,0,-1
1017297,0,1980,81,81,1,1,0,-1
1017297,3,1960,81,81,0,1,50000,-1
1017298,0,2010,82,81,1,1,0,-1
1017298,0,2000,82,81,1,1,0,-1
1017298,0,1980,82,81,1,1,0,-1
1017298,3,1960,82,81,0,3,50000,-1
1017299,0,2010,79,83,1,1,0,-1
1017299,0,2000,79,83,1,1,0,-1
1017299,0,1980,79,83,1,1,0,-1
1017299,8,1960,79,83,0,1,50000,-1
1017301,0,2010,80,82,1,1,0,-1
1017301,0,2000,80,82,1,1,0,-1
1017301,0,1980,80,82,1,1,0,-1
1017301,3,1960,80,82,0,4,50000,-1
1017302,0,2010,81,80,1,1,0,-1
1017302,0,2000,81,80,1,1,0,-1
1017302,0,1980,81,80,1,1,0,-1
1017302,17,1960,82,80,0,3,50000,-1
1017303,0,2010,81,80,1,1,0,-1
1017303,0,2000,81,80,1,1,0,-1
1017303,0,1980,81,80,1,1,0,-1
1017303,17,1960,81,79,0,3,50000,-1
1017304,0,2010,78,85,1,1,0,-1
1017304,0,2000,78,85,1,1,0,-1
1017304,0,1980,78,85,1,1,0,-1
1017304,17,1960,78,86,0,1,55000,-1
1017307,0,2010,81,81,1,1,0,-1
1017307,0,2000,81,81,1,1,0,-1
1017307,0,1980,81,81,1,1,0,-1
1017307,3,1960,81,81,0,1,50000,-1
1017308,0,2010,79,79,1,1,0,-1
1017308,0,2000,79,79,1,1,0,-1
1017308,0,1980,79,79,1,1,0,-1
1017308,17,1960,79,78,0,2,50000,-1
1019820,0,2010,78,80,1,1,0,-1
1019820,0,2000,78,80,1,1,0,-1
1019820,0,1980,78,80,1,1,0,-1
1019820,6,1960,78,80,0,2,50000,-1
1019821,0,2010,81,82,1,1,0,-1
1019821,0,2000,81,82,1,1,0,-1
1019821,0,1980,81,82,1,1,0,-1
1019821,6,1960,81,82,0,3,60000,-1
1019822,0,2010,77,83,1,1,0,-1
1019822,0,2000,77,83,1,1,0,-1
1019822,0,1980,77,83,1,1,0,-1
1019822,6,1960,77,83,0,2,55000,-1
1019823,0,2010,76,79,1,1,0,-1
1019823,0,2000,76,79,1,1,0,-1
1019823,0,1980,76,79,1,1,0,-1
1019823,6,1960,77,80,0,3,50000,-1
1019824,0,2010,78,77,1,1,0,-1
1019824,0,2000,78,77,1,1,0,-1
1019824,0,1980,78,77,1,1,0,-1
1019824,6,1960,78,76,0,4,50000,-1
1019825,0,2010,78,80,1,1,0,-1
1019825,0,2000,78,80,1,1,0,-1
1019825,0,1980,78,80,1,1,0,-1
1019825,6,1960,78,80,0,1,50000,-1
1019826,0,2010,78,82,1,1,0,-1
1019826,0,2000,78,82,1,1,0,-1
1019826,0,1980,78,82,1,1,0,-1
1019826,3,1960,78,82,0,2,50000,-1
1019827,0,2010,76,79,1,1,0,-1
1019827,0,2000,76,79,1,1,0,-1
1019827,0,1980,76,79,1,1,0,-1
1019827,3,1960,76,79,0,3,50000,-1
1019828,0,2010,81,82,1,1,0,-1
1019828,0,2000,81,82,1,1,0,-1
1019828,0,1980,81,82,1,1,0,-1
1019828,3,1960,82,82,0,3,50000,-1
1019829,0,2010,78,82,1,1,0,-1
1019829,0,2000,78,82,1,1,0,-1
1019829,0,1980,78,82,1,1,0,-1
1019829,3,1960,78,82,0,2,60000,-1
1019830,0,2010,77,82,1,1,0,-1
1019830,0,2000,77,82,1,1,0,-1
1019830,0,1980,77,82,1,1,0,-1
1019830,3,1960,77,83,0,2,55000,-1
1019831,0,2010,78,80,1,1,0,-1
1019831,0,2000,78,80,1,1,0,-1
1019831,0,1980,78,80,1,1,0,-1
1019831,3,1960,78,80,0,4,50000,-1
1019832,0,2010,78,78,1,1,0,-1
1019832,0,2000,78,78,1,1,0,-1
1019832,0,1980,78,78,1,1,0,-1
1019832,3,1960,78,78,0,3,50000,-1
1019833,0,2010,76,81,1,1,0,-1
1019833,0,2000,76,81,1,1,0,-1
1019833,0,1980,76,81,1,1,0,-1
1019833,3,1960,76,81,0,1,50000,-1
1019834,0,2010,77,78,1,1,0,-1
1019834,0,2000,77,78,1,1,0,-1
1019834,0,1980,77,78,1,1,0,-1
1019834,3,1960,79,78,0,4,50000,-1
1019835,0,2010,82,83,1,1,0,-1
1019835,0,2000,82,83,1,1,0,-1
1019835,0,1980,82,83,1,1,0,-1
1019835,17,1960,82,83,0,3,50000,-1
1019836,0,2010,77,79,1,1,0,-1
1019836,0,2000,77,79,1,1,0,-1
1019836,0,1980,77,79,1,1,0,-1
1019836,17,1960,77,79,0,4,50000,-1
1019837,0,2010,79,82,1,1,0,-1
1019837,0,2000,79,82,1,1,0,-1
1019837,0,1980,79,82,1,1,0,-1
1019837,17,1960,79,82,0,1,50000,-1
1019838,0,2010,75,75,1,1,0,-1
1019838,0,2000,75,75,1,1,0,-1
1019838,0,1980,75,75,1,1,0,-1
1019838,17,1960,74,75,0,4,50000,-1
1019839,0,2010,78,76,1,1,0,-1
1019839,0,2000,78,76,1,1,0,-1
1019839,0,1980,78,76,1,1,0,-1
1019839,17,1960,78,76,0,2,50000,-1
1019840,0,2010,80,80,1,1,0,-1
1019840,0,2000,80,80,1,1,0,-1
1019840,0,1980,80,80,1,1,0,-1
1019840,10,1960,80,80,0,3,50000,-1
1019842,0,2010,83,87,1,1,0,-1
1019842,0,2000,83,87,1,1,0,-1
1019842,0,1980,83,87,1,1,0,-1
1019842,17,1960,84,88,0,3,60000,-1
1019843,0,2010,80,83,1,1,0,-1
1019843,0,2000,80,83,1,1,0,-1
1019843,0,1980,80,83,1,1,0,-1
1019843,17,1960,80,83,0,1,50000,-1
1019844,0,2010,78,80,1,1,0,-1
1019844,0,2000,78,80,1,1,0,-1
1019844,0,1980,78,80,1,1,0,-1
1019844,17,1960,78,80,0,4,50000,-1
1019845,0,2010,78,78,1,1,0,-1
1019845,0,2000,78,78,1,1,0,-1
1019845,0,1980,78,78,1,1,0,-1
1019845,17,1960,78,78,0,2,50000,-1
1019846,0,2010,76,74,1,1,0,-1
1019846,0,2000,76,74,1,1,0,-1
1019846,0,1980,76,74,1,1,0,-1
1019846,6,1960,75,74,0,4,50000,-1
1019847,0,2010,76,75,1,1,0,-1
1019847,0,2000,76,75,1,1,0,-1
1019847,0,1980,76,75,1,1,0,-1
1019847,8,1960,77,75,0,4,50000,-1
1019848,0,2010,75,75,1,1,0,-1
1019848,0,2000,75,75,1,1,0,-1
1019848,0,1980,75,75,1,1,0,-1
1019848,8,1960,76,75,0,4,50000,-1
1019849,0,2010,78,82,1,1,0,-1
1019849,0,2000,78,82,1,1,0,-1
1019849,0,1980,78,82,1,1,0,-1
1019849,8,1960,78,82,0,3,50000,-1
1019850,0,2010,76,72,1,1,0,-1
1019850,0,2000,76,72,1,1,0,-1
1019850,0,1980,76,72,1,1,0,-1
1019850,8,1960,76,72,0,4,50000,-1
1019851,0,2010,83,80,1,1,0,-1
1019851,0,2000,83,80,1,1,0,-1
1019851,0,1980,83,80,1,1,0,-1
1019851,16,1960,83,80,0,1,55000,-1
1019852,0,2010,78,84,1,1,0,-1
1019852,0,2000,78,84,1,1,0,-1
1019852,0,1980,78,84,1,1,0,-1
1019852,16,1960,78,84,0,1,50000,-1
1019853,0,2010,81,84,1,1,0,-1
1019853,0,2000,81,84,1,1,0,-1
1019853,0,1980,81,84,1,1,0,-1
1019853,16,1960,81,84,0,2,60000,-1
1019854,0,2010,80,82,1,1,0,-1
1019854,0,2000,80,82,1,1,0,-1
1019854,0,1980,80,82,1,1,0,-1
1019854,16,1960,80,82,0,3,50000,-1
1019855,0,2010,80,86,1,1,0,-1
1019855,0,2000,80,86,1,1,0,-1
1019855,0,1980,80,86,1,1,0,-1
1019855,16,1960,80,86,0,2,60000,-1
1019856,0,2010,81,82,1,1,0,-1
1019856,0,2000,81,82,1,1,0,-1
1019856,0,1980,81,82,1,1,0,-1
1019856,16,1960,81,82,0,1,50000,-1
1019857,0,2010,77,82,1,1,0,-1
1019857,0,2000,77,82,1,1,0,-1
1019857,0,1980,77,82,1,1,0,-1
1019857,16,1960,77,82,0,4,50000,-1
1019858,0,2010,78,80,1,1,0,-1
1019858,0,2000,78,80,1,1,0,-1
1019858,0,1980,78,80,1,1,0,-1
1019858,10,1960,78,80,0,4,50000,-1
1019859,0,2010,72,72,1,1,0,-1
1019859,0,2000,72,72,1,1,0,-1
1019859,0,1980,72,72,1,1,0,-1
1019859,10,1960,72,72,0,4,50000,-1
1019860,0,2000,80,80,1,1,0,-1
1019860,0,1980,80,80,1,1,0,-1
1019860,3,1960,80,80,0,1,50000,-1