1004358,Connor,Bedard,CAN,2005,7,17,59,181,R,5,1,0,0,0,0,0,1,2,98,0,4.241,0,1,2022,0,SNP,85,78
1004357,Matvei,Michkov,RUS,2004,12,9,510,159,L,5,2,0,0,0,0,0,1,2,39,0,,0,2,2022,1,SNP,84,78
1010205,Adam,Fantilli,CAN,2004,10,12,62,190,L,4.5,2,0,0,0,0,0,0,2,19,0,3.226,0,1,2022,1,PLM,78,74
1010204,Theo,Lindstein,SWE,2005,1,5,60,176,L,4,1,0,0,0,0,0,1,1,73,0,3.218,0,3,2022,4,DFD,65,74
1010203,Quentin,Musty,USA,2005,7,5,62,203,L,4,1,0,0,0,0,0,0,2,27,0,3.227,0,0,2022,4,PWF,72,66
1010202,Brayden,Yager,CAN,2005,1,3,60,161,R,4.5,2,0,0,0,0,0,1,2,29,0,4.239,0,2;0,2022,2,SNP,76,72
1010206,Dalibor,Dvorsky,SVK,2005,6,15,61,190,L,4.5,2,0,0,0,0,0,1,2,15,0,4.249,0,1,2022,3,TWF,74,72
1034364,Aron,Kiviharju,FIN,2006,1,25,510,157,L,5,2,0,0,0,0,0,1,1,33,0,,0,3,2023,0,OFD,80,78
1034365,Berkly,Catton,CAN,2006,1,14,511,154,L,4.5,1,0,0,0,0,0,1,2,27,0,4.258,0,1;0,2023,1,PLM,79,74
1034366,Riley,Heidt,CAN,2005,3,25,511,179,L,4,1,0,0,0,0,0,1,2,27,0,4.252,0,1;0,2022,4,PLM,72,70
1034367,Koehn,Ziemmer,CAN,2004,12,8,60,194,R,4,1,0,0,0,0,0,1,2,13,0,4.252,0,2,2022,3,SNP,75,68
1034368,Otto,Stenberg,SWE,2005,5,29,511,176,L,4.5,2,0,0,0,0,0,1,2,28,0,,0,1,2022,2,PLM,75,72
1037009,Cole,Eiserman,USA,2006,8,29,60,181,L,4.5,2,0,0,0,0,0,1,2,19,0,,0,0;2,2023,1,SNP,77,70
1037010,Alexander,Zetterberg,SWE,2006,4,27,58,157,R,4.5,2,0,0,0,0,0,1,2,12,0,,0,1,2023,2,TWF,72,72
1050166,Ethan,Gauthier,CAN,2005,1,26,511,174,R,4,2,0,0,0,0,0,1,2,79,0,2.216,0,2,2022,5,PLM,66,62
1050186,Zach,Benson,CAN,2005,5,12,510,150,L,4,1,0,0,0,0,0,1,2,9,0,4.243,0,0;1,2022,4,PLM,74,66
1050187,Macklin,Celebrini,CAN,2006,6,16,511,181,L,4.5,2,0,0,0,0,0,1,2,17,0,4.257,0,0,2023,3,SNP,75,67
1050188,Ivan,Demidov,SWE,2005,12,10,511,168,L,4.5,2,0,0,0,0,0,1,2,95,0,,0,0;1,2023,2,SNP,74,68
1050189,Linus,Eriksson,SWE,2006,3,23,510,163,L,4,1,0,0,0,0,0,1,2,17,0,,0,1,2023,3,TWF,65,65
1050190,Michael,Misa,CAN,2007,7,19,58,156,L,4.5,1,0,0,0,0,0,1,2,66,0,3.224,0,1;0,2024,0,PLM,81,73
1055368,Sergei,Ovechkin,RUS,2018,8,18,61,187,R,5,2,0,0,0,0,0,1,2,88,0,,0,2;0,2035,0,SNP,84,74
1057976,Colby,Barlow,CAN,2005,2,14,61,190,R,4,2,0,0,0,0,0,1,2,39,0,3.232,0,1;2,2022,5,PWF,70,66
1057977,Noah,Dower Nilsson,SWE,2005,4,25,511,154,L,4,3,0,0,0,0,0,1,2,33,0,,0,1,2022,5,PLM,70,64
1057978,Lukas,Dragicevic,CAN,2005,4,25,62,181,R,4,3,0,0,0,0,0,1,2,2,0,4.259,0,4,2022,6,OFD,68,65
1057979,Nathan,Drapeau,CAN,2004,12,28,511,185,L,3.5,2,0,0,0,0,0,1,2,25,0,,0,3,2022,6,DFD,62,68
1057980,Noah,Erliden,SWE,2005,9,9,59,168,L,4,2,0,0,0,0,0,1,2,35,0,,0,5,2022,6,HYB,65,65
1057981,Zeb,Forsfjäll,SWE,2005,1,16,59,161,L,3.5,2,0,0,0,0,0,1,2,39,0,,0,0;1,2022,6,TWF,66,64
1057982,Emil,Järventie,FIN,2005,4,4,510,159,L,4,3,0,0,0,0,0,1,2,18,0,,0,1;0,2022,5,SNP,69,65
1057983,Arttu,Kärki,FIN,2004,12,8,62,176,L,4,2,0,0,0,0,0,1,2,39,0,,0,3,2022,5,OFD,71,66
1057984,Connor,Levis,CAN,2004,10,5,62,194,R,4,2,0,0,0,0,0,1,2,15,0,4.250,0,1,2022,6,TWF,65,65
1057985,Kalan,Lind,CAN,2005,1,5,60,152,L,4,2,0,0,0,0,0,1,2,13,0,4.248,0,0;2,2022,6,SNP,68,62
1057986,Ondrej,Molnar,SVK,2005,2,8,60,176,L,4,1,0,0,0,0,0,1,2,10,0,,0,0,2022,3,SNP,74,69
1057987,Dominik,Petr,CZE,2005,4,30,62,165,L,4,1,0,0,0,0,0,1,2,24,0,,0,1,2022,3,TWF,74,68
1057988,Calum,Ritchie,CAN,2005,1,21,61,174,L,4,2,0,0,0,0,0,1,2,21,0,3.220,0,1,2022,4,PLM,71,66
1057989,Gracyn,Sawchyn,USA,2005,1,19,510,143,R,4,3,0,0,0,0,0,1,2,59,0,,0,1,2022,6,PLM,68,62
1057990,Samuel,Sisik,SVK,2005,3,17,57,150,L,4,2,0,0,0,0,0,1,2,39,0,,0,0,2022,4,TWF,68,70
1057991,Cam,Squires,CAN,2005,4,11,511,148,R,4,2,0,0,0,0,0,1,2,21,0,2.201,0,2,2022,5,SNP,70,64
1057992,Tommaso,De Luca,ITA,2004,12,29,60,172,L,3.5,2,0,0,0,0,0,1,2,18,0,,0,1,2022,6,TWF,65,67
1057993,Daniil,But,RUS,2005,2,15,64,198,R,4.5,3,0,0,0,0,0,1,3,50,0,,0,2,2022,4,PWF,72,66
1057994,Oskar,Vuollet,SWE,2005,12,3,59,154,L,4,1,0,0,0,0,0,1,2,22,0,,0,1,2023,3,TWF,70,70
1060546,Victor,Eklund,SWE,2006,10,3,59,134,R,4.5,2,0,0,0,0,0,1,2,38,0,,0,0,2024,1,TWF,76,74
1060547,Zachary,Morin,CAN,2007,1,25,61,174,L,4.5,2,0,0,0,0,0,1,2,10,0,2.215,0,1,2024,2,SNP,74,68
1060548,Jordan,Gavin,CAN,2006,11,13,511,161,L,4.5,2,0,0,0,0,0,1,2,23,0,4.254,0,1;0,2024,1,TWF,74,74
1588348,Taya,Currie,CAN,2005,1,4,57,143,L,3.5,4,0,0,0,0,0,1,2,41,0,3.235,0,5,2022,11,HYB,55,55
3507106,Hunter,Brzustewicz,USA,2004,11,29,511,187,R,4,2,0,0,0,0,0,1,2,4,0,,0,4,2022,4,TWD,63,72
3507107,Gavin,Brindley,USA,2004,10,5,59,157,R,4,2,0,0,0,0,0,1,2,16,0,3.235,0,2,2022,5,PLM,72,65
3507108,Cameron,Allen,CAN,2005,1,7,511,190,R,4,2,0,0,0,0,0,1,2,11,0,3.229,0,4,2022,4,TWD,68,70
3507109,Charlie,Cerrato,USA,2005,3,10,511,170,L,4,3,0,0,0,0,0,1,2,54,0,,0,0;2,2022,6,PLM,68,65
3507110,Alex,Ciernik,SVK,2004,10,8,510,172,L,4,2,0,0,0,0,0,1,2,70,0,,0,2,2022,5,SNP,70,66
3507111,Kalle,Carlsson,SWE,2005,3,2,60,174,L,4,3,0,0,0,0,0,1,2,17,0,,0,1,2022,6,PLM,70,64
3507112,Leo,Carlsson,SWE,2004,12,26,63,185,L,4,2,0,0,0,0,0,1,1,10,0,,0,1,2022,4,TWF,70,68
3507113,Nate,Danielson,CAN,2004,9,27,61,181,R,4,2,0,0,0,0,0,1,2,29,0,4.238,0,1,2022,5,PLM,72,65
3507114,Michael,DeAngelo,USA,2004,11,19,511,181,L,3.5,3,0,0,0,0,0,1,2,13,0,,0,0,2022,8,TWF,62,63
3507115,Kimo,Gruber,CHE,2005,4,11,61,192,L,3.5,2,0,0,0,0,0,1,2,23,0,,0,1,2022,6,PLM,67,64
3509579,Mikhail,Gulyayev,RUS,2005,4,26,510,170,L,4,2,0,0,0,0,0,1,2,84,0,,0,3,2022,5,OFD,70,67
3509580,Kasper,Halttunen,FIN,2005,6,7,63,192,R,4,3,0,0,0,0,0,1,2,12,0,,0,2;1,2022,6,SNP,70,62
3509581,Cameron,Johnson,CAN,2004,11,28,59,146,L,4,3,0,0,0,0,0,1,2,21,0,4.250,0,1,2022,6,PLM,68,63
3509582,Daniil,Karpovich,WRD,2004,12,6,63,207,L,4.5,3,0,0,0,0,0,1,2,18,0,,0,3,2022,6,OFD,69,64
3509583,Matvei,Ladutko,WRD,2005,1,23,511,185,L,4.5,3,0,0,0,0,0,1,2,69,0,,0,1;0,2022,6,PLM,72,63
3509584,Eduard,Sale,CZE,2005,3,10,61,165,L,4,2,0,0,0,0,0,1,3,11,0,,0,1;0,2022,5,SNP,72,65
3509585,Will,Smith,USA,2005,3,17,60,172,R,4,3,0,0,0,0,0,1,2,43,0,,0,1,2022,6,SNP,69,64
3509586,Charlie,Stramel,USA,2004,10,15,63,216,R,4,2,0,0,0,0,0,1,3,28,0,,0,2,2022,4,PWF,70,66
3509587,Matthew,Wood,CAN,2005,2,6,60,180,L,4,3,0,0,0,0,0,1,2,71,0,4.241,0,2,2022,5,SNP,70,64
3509588,Oliver,Moore,USA,2005,1,22,511,176,L,3.5,2,0,0,0,0,0,1,2,41,0,,0,1,2022,6,PLM,68,65
3509589,Noel,Nordh,SWE,2005,1,25,63,187,L,4,3,0,0,0,0,0,1,2,34,0,,0,2,2022,6,PLM,68,62
3509590,Jesse,Nurmi,FIN,2005,3,7,511,165,L,4,2,0,0,0,0,0,1,1,8,0,,0,0;2,2022,5,SNP,70,64
3509591,Gabe,Perreault,USA,2005,5,7,510,154,L,4,3,0,0,0,0,0,1,2,49,0,,0,0,2022,6,PLM,70,64
3509592,William,Whitelaw,USA,2005,2,5,58,165,R,4.5,4,0,0,0,0,0,1,2,8,0,,0,1,2022,6,PLM,70,63
3509593,Clarke,Caswell,CAN,2006,2,2,510,152,L,4.5,2,0,0,0,0,0,1,2,11,0,4.249,0,1;0,2023,3,PLM,74,67
3509594,Emil,Hemming,FIN,2006,6,27,60,172,R,4,2,0,0,0,0,0,1,2,28,0,,0,2,2023,4,SNP,74,66
3509595,Tij,Iginla,CAN,2006,8,1,510,161,L,4,2,0,0,0,0,0,1,2,11,0,4.257,0,0;2,2023,5,SNP,72,65
